0.15357792
0.15267365
0.15903327
0.15875098
0.16070095
0.15526189
0.15026772
0.14573166
0.14128342
0.13962516
0.14297985
0.14842016
0.14572537
0.14804325
0.14804325
0.14643745
0.14987525
0.15138075
0.15293716
0.15418187
0.14753652
0.14635092
0.15322016
0.18019088
0.1488993
0.1480746
0.14986786
0.15484858
0.1509838
0.15607867
0.15567647
0.1562112
0.15305662
0.17833759
0.21564388
0.21196444
0.18005162
0.18081486
0.16429314
0.15896207
0.16928215
0.19061023
0.17905048
0.19737503
0.19609708
0.21418558
0.18720864
0.1836706
0.18388104
0.18522544
0.19202313
0.17154565
0.17476645
0.19772933
0.20166989
0.19612208
0.19782293
0.20159571
0.20638895
0.20917407
0.21361952
0.21266845
0.21427034
0.21167427
0.21100345
0.21773279
0.21812439
0.21501628
0.21009582
0.24386811
0.20349105
0.21251565
0.17690656
0.17522798
0.20731525
0.20960245
0.21127819
0.20766911
0.20185025
0.21918246
0.21917665
0.20416799
0.21048464
0.24234962
0.24460419
0.24419734
0.24540797
0.24396296
0.23922156
0.26803744
0.2661516
0.26384938
0.26334816
0.2660656
0.26410744
0.25998425
0.25902823
0.2595355
0.25826535
0.25384444
0.25288087
0.25534862
0.25712234
0.25419542
0.32478836
0.32391798
0.25611603
0.25513333
0.24956039
0.25314075
0.2590853
0.22848895
0.22846025
0.22798505
0.22820622
0.22901927
0.22981949
0.2616639
0.25927344
0.25972146
0.26225945
