0.21637858
0.2122987
0.16118547
0.17297322
0.15821123
0.1487018
0.13198198
0.14152928
0.1403371
0.15153259
0.16039965
0.15805818
0.15329307
0.15562178
0.15240282
0.15161498
0.14838405
0.14503129
0.16648172
0.14068797
0.14644991
0.1654744
0.16775586
0.16114786
0.16605586
0.17940998
0.22547893
0.2413239
0.20961079
0.22839686
0.23913765
0.23435907
0.23002835
0.23771045
0.2553753
0.25198132
0.26346558
0.2620054
0.26546028
0.2626507
0.26009482
0.26478913
0.27036268
0.29026112
0.29196298
0.29284313
0.2986394
0.2936234
0.29869232
0.2989116
0.30253136
0.29380825
0.29502505
0.2867489
0.28863883
0.2952705
0.28975073
0.29160157
0.30344748
0.29537657
0.29641953
0.29571992
0.30345756
0.29800698
0.2948071
0.29433993
0.3071114
0.30781874
0.30388066
0.30374205
0.2932947
0.3047637
0.29883075
0.30439168
0.29101786
0.29990587
0.30235925
0.30293778
0.30094135
0.2905536
0.30019838
0.28975755
0.30009416
0.299939
0.30920574
0.3128698
0.32091218
0.31435168
0.31508526
0.32057324
0.32088384
0.3158069
0.30843028
0.3132068
0.31253505
0.30448157
0.30852532
0.30801067
0.311754
0.32072178
0.32074353
0.3215177
0.3224694
0.32434502
0.32381076
0.3246208
0.32426757
0.3265365
0.3398128
0.32609966
0.3317991
0.33225238
0.34201637
0.33224747
0.34183317
0.32926404
0.3356644
0.33380616
0.3409726
0.33647984
0.34100297
0.33736458
0.34042993
0.34077856
0.33448985
0.32884088
0.3316586
0.33271196
0.33247223
0.33061522
0.32291934
0.32281372
0.32261288
0.33251527
0.33181632
0.33834547
0.33565173
0.33630085
0.3364132
0.33578014
0.33612236
0.33915854
0.34429464
0.34418997
0.34375829
0.3509543
0.35140517
0.3520421
0.35522997
0.35543522
0.36009225
0.35474756
0.35981044
0.35985884
0.35925794
0.35911918
0.3607593
0.35599765
0.35404468
0.35208794
0.35218513
0.3514522
0.35242385
0.3522168
0.35235408
0.3615701
0.35973847
0.36355507
0.3645113
0.35856193
0.35925815
0.35837168
0.35871768
0.3611573
0.35294703
0.35257247
0.35251412
0.3520264
0.35271776
0.35112417
0.35172704
0.3540252
0.35443652
0.35769916
0.36110285
0.3564956
0.3570261
0.35616174
0.35592926
0.35404307
0.3577224
0.3588519
0.3586968
0.3584032
0.3588654
0.35957223
0.35957223
0.36476552
0.3602836
0.35625258
0.3549576
0.35528764
0.35414404
0.35579935
0.35370523
0.3514779
0.3578402
0.35362017
0.3502705
0.35003406
0.35014188
0.3504138
0.35005745
0.3497621
0.35174364
0.3535197
0.35537025
0.35532537
0.35618445
0.35695043
0.35993123
0.35975432
0.36079508
0.3566332
0.3525914
0.35213733
0.3625032
0.3522755
0.3565646
0.35708034
0.36115938
0.35730535
0.36447456
0.36552235
0.36427492
0.35505748
0.36387154
0.36428717
0.3693645
0.36168754
0.35803482
0.35853067
0.3588696
0.35820735
0.35788777
0.3581515
0.35806933
0.35941702
0.36328632
0.36058772
0.36044806
0.3610942
0.36125806
0.36082295
0.36170664
0.3646791
0.36362052
0.3645755
0.36862463
0.3681175
0.3675258
0.36819315
0.3678522
0.36841208
0.36265564
0.36451215
0.36364868
0.36404106
0.36425668
0.36446264
0.36456978
0.36635742
0.35922965
0.37263936
0.37158254
0.3712257
0.3708877
0.37089103
0.37150165
0.35782322
0.355969
0.36104202
0.37184003
0.37112233
0.37213117
0.3592859
0.35907704
0.35906136
0.3721486
0.35809594
0.35803205
0.35447085
0.35464764
0.35365084
0.3536481
0.3536706
0.36990023
0.36172375
0.36388862
0.36072412
0.36110657
0.36106402
0.36058855
0.36044535
0.36299545
0.3547079
0.35413823
0.35106188
0.35107017
0.35122684
0.35103375
0.35106185
0.35199752
0.35205388
0.3627877
0.36429
0.36396155
0.36382642
0.36354783
0.36741298
0.36588258
0.36368057
0.36460483
0.34524268
0.34468004
0.36321515
0.3635846
0.36447343
0.36507523
0.36612046
0.365923
0.36149815
0.3621432
0.3667763
0.36416802
0.3646677
0.368662
0.36846766
0.3481608
0.35009357
0.35032997
0.35077563
0.3520495
0.35074565
0.3501844
0.35116324
0.36458954
0.37397304
0.36715594
0.3688046
0.36856017
0.36809397
0.36800894
0.37412947
0.37337118
0.37243098
0.37137413
0.3560878
0.35606772
0.3554137
0.35577273
0.36591426
0.35901818
0.35637188
0.35656857
0.3573641
0.35720396
0.35695344
0.35734138
0.35734138
0.35558453
0.35483533
0.3497828
0.345754
0.34619737
0.34642318
0.34642398
0.34596178
0.3473723
0.3447736
0.34689605
0.3465127
0.3456006
0.3452278
0.3450191
0.34472027
0.33480301
0.3452068
0.3431765
0.34286815
0.34230515
0.34310052
0.34295407
0.34241468
0.33018744
0.3283131
0.34337392
0.34337312
0.3434877
0.3431609
0.34431726
0.34366524
0.34362218
0.34565732
0.34688577
0.34823462
0.348366
0.34845865
0.34894893
0.34890357
0.34893098
0.33843803
0.3470079
0.3485376
0.34912193
0.34898996
0.34802908
0.34775674
0.34787014
0.34798893
0.3477022
0.34709898
0.34697396
0.34728074
0.34794143
0.3560237
0.34848627
0.34589082
0.34602222
0.3524903
0.35274842
0.35381347
0.3550972
0.35527825
0.35569805
0.35258088
0.35513726
0.3474239
0.35621113
0.3561684
0.35607708
0.35657376
0.35639486
0.35566965
0.3515587
0.3561982
0.35491872
0.3553211
0.3607105
0.36081794
0.36096302
0.36058137
0.35673574
0.35504285
0.35604167
0.35549328
0.3552834
0.35491604
0.35442093
0.35447305
0.3545005
0.35645255
0.35938853
0.36028376
0.3564975
0.35619292
0.35587895
0.35566822
0.35492417
0.35388067
0.35375878
0.35380852
0.35370195
0.36039287
0.36015448
0.36012185
0.35314682
0.3506256
0.34980506
0.34984645
0.35448807
0.3498566
0.34950876
0.34941882
0.3481028
0.35139444
0.3514213
0.35042238
0.35052037
0.3497914
0.34997326
0.3496021
0.34961846
0.34840882
0.34876245
0.3485875
0.35680023
0.3492663
0.34959826
0.3490097
0.34871727
0.35590947
0.34885186
0.34776217
0.34740597
0.3476402
0.35648468
0.34880286
0.3493246
0.34862855
0.3486211
0.34487012
0.35120937
0.3525101
0.35301283
0.3534852
0.35276607
0.34867778
0.35008052
0.35128126
0.3515081
0.3519229
0.35300076
0.35287407
0.35314476
0.36193264
0.35992178
0.37129164
0.37060162
0.37138575
0.37171546
0.37137902
0.37155768
0.37143356
0.35539278
0.35351652
0.35923877
0.35233274
0.358377
0.35886922
0.35123163
0.35122517
0.35735056
0.3520544
0.35031304
0.3470883
0.34798455
0.34959915
0.3493778
0.34957477
0.34972438
0.3643556
0.3645986
0.3659163
0.358418
0.357504
0.3593184
0.35978097
0.36302727
0.37016204
0.36259615
0.36211225
0.36036974
0.35925555
0.35981464
0.35920298
0.36255574
0.36615178
0.36363798
0.36477196
0.3636756
0.36837456
0.36884013
0.36831087
0.3682888
0.36683163
0.36784887
0.3683235
0.36876267
0.36859238
0.36800575
0.36677137
0.36689898
0.3635845
0.36295623
0.3649136
0.36631644
0.365788
0.36544994
0.3659022
0.3651189
0.36404887
0.3669681
0.35495895
0.36539987
0.35324427
0.35314313
0.35230273
0.35273656
0.35273424
0.36575854
0.35320958
0.35282657
0.35286453
0.35347405
0.35341415
0.35298538
0.35276693
0.34754214
0.35229102
0.3521925
0.35276395
0.3521654
0.35266128
0.35285535
0.35204023
0.3554888
0.35145894
0.35104665
0.3503154
0.3501509
0.3501871
0.34956574
0.35020545
0.3515111
0.36656162
0.3736131
0.37191063
0.37138087
0.37081823
0.37106583
0.37099552
0.37010682
0.36587334
0.36946213
0.36835212
0.3686758
0.36876866
0.36825964
0.36763296
0.36502498
0.3619351
0.36204436
0.362461
0.36197957
0.3603191
0.35972154
0.36029673
0.36303896
0.3608545
0.3619552
0.34409174
0.34374142
0.35878187
0.35949937
0.359762
0.36049092
0.35804224
0.36132812
0.36112472
0.36122695
0.36102223
0.36039457
0.36126715
0.36101577
0.3616181
0.36831766
0.3626473
0.36311236
0.36273646
0.36199147
0.3609948
0.36087957
0.36155537
0.36276054
0.36638784
0.36627585
0.3665853
0.36687148
0.36622667
0.36665246
0.3640032
0.34596044
0.34260157
0.33859357
0.3373235
0.33813676
0.33778268
0.33806667
0.3396564
0.33638006
0.34573248
0.34242332
0.34818137
0.34750733
0.3481177
0.34731823
0.34742868
0.3354795
0.33936656
0.34033093
0.3410566
0.34030965
0.3399648
0.34003443
0.33956662
0.34597456
0.34560356
0.3459701
0.341112
0.3466267
0.34415483
0.34118083
0.3413611
0.34572563
0.34105664
0.3410881
0.3403313
0.33920494
0.33880115
0.33849165
0.33849236
0.3398585
0.33734596
0.33818918
0.33786952
0.33752865
0.3374159
0.337697
0.33749282
0.3358257
0.3367618
0.3391484
0.33916807
0.33939642
0.33962083
0.34112144
0.34102777
0.34077796
0.34353167
0.3445472
0.34500566
0.34507096
0.34489867
0.34404996
0.34392324
0.34413576
0.34331498
0.3463934
0.35025105
0.35022554
0.350308
0.35005316
0.3502213
0.35004285
0.34988248
0.348583
0.35114485
0.3513321
0.35134605
0.35127366
0.35153085
0.35153085
0.3520192
0.36751422
0.36902842
0.36944327
0.36938104
0.3694911
0.36978188
0.36960125
0.3702432
0.36995542
0.3707618
0.37213326
0.37224537
0.37064746
0.3707829
0.37077984
0.37067434
0.3697805
0.3703427
0.37038022
0.37084305
0.37085092
0.37036932
0.3702444
0.3702444
0.37032047
0.37000275
0.36925063
0.36919877
0.36919215
0.36936548
0.3695208
0.36942068
0.3691799
0.36878338
0.36872768
0.36932045
0.36932158
0.36881915
0.3687456
0.36885524
0.36895233
0.36770216
0.36771947
0.36792052
0.3675178
0.36722964
0.36735505
0.36736572
0.36656868
0.3674595
0.36776873
0.36871967
0.36838824
0.36756518
0.3677756
0.36830485
0.36830848
0.36853155
0.36673698
0.36716002
0.36729124
0.36728892
0.36636898
0.3561134
0.36617392
0.366324
0.36509386
0.36442128
0.36477348
0.36560795
0.36569372
0.365796
0.36566672
0.36823165
0.36653346
0.36604983
0.36692953
0.36675268
0.36713752
0.36746666
0.36722624
0.36647356
0.36498186
0.36458877
0.3647937
0.36434516
0.36438376
0.3641184
0.36413804
0.35117507
0.36305404
0.36727965
0.36693272
0.36726278
0.36648905
0.3667619
0.36714858
0.3671879
0.3698291
0.36626348
0.3681381
0.3682209
0.36944512
0.3714534
0.36991838
0.36957297
0.36790583
0.36696696
0.3680773
0.3645968
0.36846003
0.36458337
0.3644703
0.36458674
0.36667883
0.36115015
0.36098427
0.36074477
0.35999292
0.36090708
0.36051914
0.3597868
0.35815206
0.36183742
0.3619996
0.3611587
0.3611587
0.36069202
0.36059952
0.3602286
0.36098066
0.35780945
0.35659796
0.3563347
0.35718924
0.35650358
0.3568256
0.35719493
0.35719493
0.36200374
0.36004004
0.35991326
0.36028358
0.3603176
0.36056304
0.3609379
0.3606037
0.36283395
0.36381197
0.36330995
0.36306986
0.362636
0.36241257
0.3625066
0.3626738
0.36192825
0.35886428
0.35923067
0.35853046
0.35869265
0.35826746
0.35813254
0.35830274
0.3582253
0.3572769
0.3564963
0.34050307
0.35741225
0.35825226
0.35872152
0.35871565
0.35810086
0.33951122
0.36143157
0.3576482
0.35736296
0.35718545
0.35736224
0.3571966
0.3571966
0.36266735
0.35708046
0.35755855
0.35798472
0.35829666
0.35847053
0.35854095
0.3586602
0.35805863
0.35690492
0.3555252
0.35567057
0.35418975
0.35459024
0.35399705
0.35466465
0.33402434
0.333983
0.33109155
0.33045524
0.33346504
0.33280134
0.33312175
0.33295754
0.3327362
0.33952236
0.3400118
0.3398322
0.3395251
0.34001938
0.33976594
0.34007087
0.34300324
0.34270087
0.33960187
0.3401937
0.340384
0.33991966
0.3399097
0.33979732
0.3396356
0.34146526
0.3431911
0.33977595
0.33981562
0.33994296
0.33954751
0.33960012
0.3397514
0.33993834
0.34172392
0.3405599
0.34047663
0.34062222
0.34078872
0.3406934
0.34057072
0.33998927
0.34151086
0.3420498
0.3426022
0.34280023
0.3426113
0.34277266
0.3428097
0.34324542
0.34366402
0.34620106
0.34595105
0.3456221
0.34564364
0.3456121
0.34553325
0.34551787
0.34653494
0.34750625
0.3475689
0.3473056
0.34736994
0.3471773
0.3471686
0.34713373
0.36177266
0.36321324
0.36295602
0.36294466
0.36318576
0.3630855
0.36326092
0.36326092
0.36462706
0.36651403
0.3663942
0.36667228
0.36736995
0.36797112
0.36794597
0.36804053
0.36721504
0.3675408
0.36680993
0.36648747
0.36620423
0.3664893
0.36657113
0.36654142
0.36712873
0.36441755
0.36396495
0.3640013
0.36369586
0.36411792
0.36412436
0.36412436
0.3647091
0.36300808
0.36212516
0.36115468
0.3610074
0.36109978
0.3615809
0.36157724
0.36157724
0.3591047
0.35896277
0.35807246
0.3419241
0.3419831
0.3423522
0.34201384
0.34210446
0.35758132
0.35757506
0.3580857
0.35831803
0.35889614
0.35831508
0.3584554
0.35847133
0.35922778
0.36055666
0.36106122
0.36286214
0.36331826
0.36060268
0.3608107
0.36080226
0.36019078
0.35912746
0.35842428
0.35896823
0.35925487
0.36109748
0.3594815
0.361645
0.3621822
0.36079335
0.36094028
0.3590763
0.35892946
0.36126748
0.3615289
0.3616126
0.3613235
0.36137247
0.36042458
0.36050034
0.36234918
0.36037406
0.36039418
0.36039728
0.36037418
0.361623
0.36035013
0.3632093
0.36328524
0.363487
0.36327916
0.36319754
0.36319754
0.36311448
0.36219132
0.3651675
0.3655549
0.3652477
0.36522335
0.36534166
0.36515132
0.3612402
0.36429566
0.36641416
0.36625293
0.36718032
0.36724582
0.3673931
0.36724088
0.3685436
0.3652128
0.3651049
0.364708
0.36490235
0.36470455
0.3646378
0.36472023
0.36482722
0.36184004
0.3625489
0.36247313
0.36283192
0.3600433
0.3600687
0.36273396
0.36276653
0.36475432
0.36080334
0.3614723
0.3616762
0.36173698
0.36140394
0.36122337
0.36128798
0.36021224
0.36291316
0.36186054
0.3617827
0.36556527
0.3648881
0.36103424
0.3611343
0.36507636
0.3626987
0.3635675
0.36387402
0.36676356
0.3666679
0.36688316
0.3668179
0.36568612
0.3679886
0.36843735
0.36714444
0.36714834
0.36785263
0.36715788
0.36715674
0.36715674
0.37070984
0.37023035
0.369336
0.36880305
0.36829427
0.3682267
0.36809087
0.36809087
0.36827594
0.3654955
0.36709335
0.3669326
0.36682346
0.36702526
0.3674565
0.3674565
0.36464712
0.36931542
0.3687449
0.36793917
0.36772177
0.36692503
0.3673084
0.36707005
0.36778855
0.3639579
0.36325526
0.363063
0.36333978
0.3633769
0.36340502
0.36390787
0.3648757
0.36507046
0.36426255
0.36453015
0.36413273
0.3642445
0.3639497
0.36389273
0.36380896
0.36273652
0.36291227
0.3635883
0.36373615
0.3639459
0.36380154
0.36344072
0.36344072
0.3614469
0.36347714
0.3613601
0.3610712
0.36072454
0.36110988
0.36163327
0.36120716
0.36070645
0.3672073
0.3674903
0.3622014
0.36854967
0.36838543
0.36812526
0.36828583
0.36170495
0.36249793
0.36285967
0.3631925
0.36280808
0.36278725
0.36305454
0.36268106
0.36268556
0.36308786
0.36262515
0.36853823
0.36325186
0.36905643
0.3691649
0.36909556
0.36903226
0.365415
0.36511594
0.36388418
0.36410603
0.36394396
0.36406732
0.36421835
0.36430004
0.364105
0.3656953
0.36432534
0.36115375
0.3622559
0.36558586
0.3622321
0.36223766
0.36696064
0.3623551
0.3640605
0.36403427
0.36425778
0.36444193
0.3642908
0.3641651
0.3658284
0.36667332
0.36591777
0.36602065
0.3665748
0.36691317
0.3662919
0.36672923
0.3682954
0.36819875
0.36980724
0.36948884
0.36582395
0.365611
0.36561176
0.36881566
0.3688333
0.3676957
0.36529338
0.36553878
0.36590505
0.36688837
0.36679727
0.36672425
0.36667612
0.3702966
0.36714613
0.36743015
0.36661345
0.36714593
0.36697865
0.367054
0.36677772
0.3652398
0.36182696
0.36396492
0.3607003
0.36336464
0.36333138
0.36315897
0.36236417
0.35770616
0.35916442
0.36025435
0.36208025
0.3657674
0.3622924
0.36233798
0.3632706
0.36429948
0.3611706
0.36166534
0.3625293
0.36205962
0.3615225
0.36161238
0.36161238
0.3615885
0.3616536
0.36179706
0.362646
0.36312446
0.3630186
0.3631681
0.36314872
0.3631051
0.36228213
0.36150515
0.36744288
0.36142644
0.36775672
0.36727497
0.3669579
0.3667078
0.3602944
0.36283973
0.35825053
0.35783103
0.35818756
0.3646746
0.3643756
0.3583171
0.3604342
0.3614892
0.3622147
0.36100462
0.36172244
0.36241522
0.3616997
0.36219165
0.36366114
0.36200356
0.36369574
0.36427426
0.36388138
0.36475527
0.36420745
0.36420745
0.36420745
0.33885807
0.3448431
0.34415203
0.3407469
0.3404909
0.33931002
0.3391067
0.33929226
0.3365436
0.34021106
0.3400655
0.33995765
0.3396115
0.33617458
0.33897802
0.33613977
0.33557627
0.35746267
0.337775
0.35848954
0.35947692
0.36048993
0.36048993
0.3604997
0.360862
0.35811865
0.3599961
0.36043024
0.35992578
0.35957333
0.3595918
0.3595819
0.35755193
0.34345224
0.34164432
0.34230983
0.34677574
0.3460649
0.34595352
0.3460954
0.34281394
0.33769026
0.33873463
0.33739263
0.33642462
0.33631146
0.33651632
0.33686408
0.33685714
0.33922914
0.34111658
0.3417476
0.34188682
0.34281063
0.3423763
0.34284884
0.3428269
0.34183666
0.33996218
0.34092516
0.3409528
0.3410258
0.3413777
0.3406483
0.34070385
0.3401852
0.33714938
0.3407417
0.34162396
0.34210205
0.34115365
0.34179565
0.34195977
0.34048057
0.3398558
0.33975887
0.33920723
0.33882317
0.34296858
0.3432226
0.34259197
0.34275094
0.3440206
0.34351164
0.34171477
0.34140828
0.34066382
0.34131688
0.3407725
0.3412477
0.34207872
0.34008417
0.33892545
0.3389405
0.3388727
0.3389056
0.33892682
0.33853433
0.33845115
0.3378449
0.33929217
0.33886915
0.33928144
0.3393319
0.34292087
0.34323764
0.3436114
0.3416812
0.33884522
0.33945888
0.34003648
0.3394481
0.3398456
0.339786
0.34080958
0.3439277
0.3419995
0.34209302
0.34210676
0.34249943
0.34258303
0.3426822
0.3426822
0.34788945
0.34735265
0.34692293
0.3659466
0.36616457
0.3658952
0.3665833
0.36609727
0.36790168
0.3670991
0.36638606
0.36666065
0.3657893
0.365967
0.36529422
0.36529422
0.3639041
0.36417338
0.36262205
0.36375305
0.3643085
0.36367053
0.36355367
0.3635421
0.36359838
0.3639731
0.36321637
0.36306012
0.3624537
0.34153366
0.34168556
0.34172055
0.3428568
0.3637847
0.34532353
0.34515017
0.3457159
0.36485362
0.3651512
0.36503267
0.36501962
0.3653176
0.36686108
0.36540592
0.36599946
0.3658995
0.3665892
0.36596203
0.3662368
0.36652732
0.36557993
0.3647704
0.36502254
0.36505944
0.36491713
0.36497217
0.36488095
0.36478442
0.34855768
0.34641454
0.34665754
0.34641787
0.34654024
0.34685275
0.3466401
0.362515
0.36671928
0.36684042
0.366276
0.3663257
0.36637866
0.36627162
0.3661793
0.36702108
0.36634195
0.36759427
0.36877263
0.36838144
0.36776406
0.36817995
0.3677096
0.36830744
0.36886564
0.36954004
0.36984712
0.37079313
0.37038007
0.37035987
0.3703967
0.3703009
0.37024865
0.37294424
0.37276682
0.37296078
0.37210953
0.3723206
0.37245756
0.37289137
0.3731452
0.37153643
0.3703338
0.37027827
0.37095204
0.37019596
0.37045428
0.37016156
0.3713558
0.3720651
0.371638
0.37149853
0.371216
0.37162173
0.37154424
0.371489
0.37142757
0.3729305
0.37257758
0.37294385
0.37292212
0.3743643
0.37432307
0.37432644
0.3743275
0.3743873
0.37353277
0.3721771
0.3723333
0.37227085
0.37441194
0.3726263
0.37254637
0.3718735
0.3712198
0.37365097
0.37406608
0.37497818
0.37366265
0.3745476
0.37457007
0.373763
0.3747343
0.3745764
0.37402728
0.37462085
0.3748054
0.3748521
0.37486193
0.37356463
0.3732978
0.37281314
0.37252486
0.3717012
0.37017217
0.37019947
0.37021077
0.37058014
0.37175238
0.36860594
0.36967564
0.3746174
0.37398377
0.37425438
0.37449825
0.37447786
0.3719654
0.37286857
0.3722974
0.37002584
0.37004507
0.3699479
0.3694881
0.36943108
0.36954105
0.3702406
0.37040818
0.37036166
0.3709996
0.3707607
0.37094897
0.37095538
0.36985332
0.3722126
0.37147927
0.37108436
0.37069896
0.3707087
0.37075517
0.37075517
0.37110054
0.37128553
0.37102246
0.3707637
0.37076953
0.37121195
0.3712148
0.37088344
0.37035444
0.37037823
0.37078363
0.37061444
0.3703794
0.37071702
0.37104857
0.37104857
0.3710158
0.37086332
0.37130904
0.37151164
0.37133497
0.371675
0.3714072
0.37168828
0.37167183
0.3690931
0.37023944
0.37116417
0.37051874
0.37085572
0.3704552
0.37043354
0.37044883
0.36936557
0.36901227
0.36899194
0.36870205
0.3684947
0.36883837
0.36881346
0.36887243
0.36726412
0.34752902
0.34855765
0.3485827
0.36891434
0.35364103
0.3485476
0.3486325
0.34990376
0.35039017
0.35134798
0.3519431
0.35177815
0.35207936
0.3702584
0.37045118
0.37045118
0.35344067
0.36629024
0.37099788
0.3711851
0.37083572
0.35094026
0.35079113
0.370594
0.37040216
0.3694948
0.3651038
0.36547434
0.3706965
0.36722705
0.36621952
0.3664162
0.36465323
0.36472479
0.36737934
0.36793676
0.36783126
0.3678231
0.36828765
0.36804095
0.36626294
0.34958383
0.34740025
0.34767783
0.3447697
0.34562525
0.34576324
0.34578267
0.34655005
0.34781304
0.3529445
0.3523463
0.3516578
0.35150275
0.35121897
0.35124287
0.35124287
0.36743417
0.3469449
0.34823573
0.34829938
0.34795144
0.3485501
0.34859997
0.34841344
0.34087434
0.34632942
0.34751648
0.3471665
0.3665162
0.36661062
0.36673015
0.36672145
0.3457624
0.3666859
0.3653033
0.3654805
0.34624767
0.34632897
0.34599507
0.34677756
0.34554654
0.34753266
0.34405854
0.34377962
0.34427738
0.34380388
0.34430578
0.3442115
0.34418604
0.34213805
0.3419065
0.34201598
0.34225082
0.3423678
0.34174797
0.34194407
0.34210947
0.34331068
0.34436893
0.34485647
0.3450765
0.3443248
0.34399468
0.34411073
0.34424523
0.34325752
0.3421145
0.3409979
0.34268796
0.34300223
0.3430567
0.34296626
0.3430319
0.34336057
0.34432262
0.34508237
0.34523246
0.34557268
0.34505153
0.34493285
0.34515664
0.34499687
0.34328353
0.34338823
0.34310353
0.3446804
0.34345397
0.34349516
0.34354362
0.34350333
0.34469506
0.3480646
0.3477828
0.34590825
0.34604684
0.34628204
0.34637097
0.3463762
0.34580505
0.34614944
0.34685072
0.34685296
0.3467973
0.34694958
0.34684932
0.34676188
0.34624267
0.34382692
0.3440949
0.34369
0.34386998
0.3437032
0.34386408
0.34380254
0.34314933
0.3437009
0.3438426
0.34365425
0.34349468
0.34380773
0.34373114
0.34376132
0.34392196
0.3408644
0.3439202
0.34419292
0.34402102
0.34433854
0.34433854
0.3441851
0.34416708
0.34440836
0.3463591
0.3432585
0.3435604
0.343973
0.3443478
0.34411004
0.34409696
0.34692648
0.34367007
0.34350616
0.34335107
0.34326068
0.3433889
0.34342825
0.34357902
0.3451986
0.3431851
0.34204215
0.3423638
0.34200022
0.34232843
0.34220973
0.3423776
0.34192333
0.34264982
0.34367892
0.3436973
0.34370506
0.34361586
0.34363633
0.3432674
0.34555286
0.34680784
0.3453536
0.34574983
0.34582138
0.34589905
0.34618342
0.34606344
0.34268624
0.34093592
0.34230593
0.34235752
0.34216094
0.3424648
0.34226632
0.34487203
0.34510118
0.34097442
0.34132138
0.3412044
0.34105358
0.34138328
0.3414636
0.34132564
0.34132564
0.34243894
0.3431629
0.34611097
0.34661844
0.34662881
0.34696975
0.3465843
0.34659106
0.34670508
0.3456342
0.34641728
0.34657985
0.34665096
0.3467119
0.34690312
0.3468559
0.34588876
0.34592608
0.34826532
0.3482746
0.34835112
0.34831393
0.34804377
0.348026
