-0.05830037
0.24389401
0.1568878
0.14972435
0.074866116
0.08059383
0.08171256
-0.008276559
-0.036691654
-0.01113309
0.05716805
-0.074943274
0.037873916
0.051475246
0.038149565
-0.066631824
-0.07060814
-0.043720752
-0.052282773
-0.039029643
-0.009965323
-0.005725585
0.04581821
0.15329847
0.23509437
0.076724514
0.16671535
0.2076631
0.20789352
0.20789352
0.20789352
0.20789352
0.20789352
0.20789352
0.20789352
0.20789352
0.20789352
0.20789352
0.20789352
0.20789352
0.20789352
0.20789352
0.20789352
0.20789352
0.20789352
0.20789352
0.20789352
0.20789352
0.20789352
0.20789352
0.20789352
0.20789352
0.20789352
0.20789352
0.20789352
0.20789352
0.20789352
0.20789352
0.20789352
0.20789352
0.20789352
