-0.54886824
-0.5887566
-0.5638007
-0.54206157
-0.5541808
-0.6137413
-0.65445477
-0.56125957
-0.62598866
-0.7370248
-0.87118006
-0.82244897
-0.7114439
-0.693031
-0.7514251
-0.8774409
-0.9306636
-0.80089694
-0.6728409
-0.5804572
-0.6416685
-0.7000346
-0.9734559
-0.7712646
-0.5354013
-0.5217956
-0.5927858
-0.7230802
-0.9429738
-1.1504668
-1.6271777
-1.5176711
-1.5247606
-1.7074599
-1.8801951
-1.6836497
-1.3877168
-1.3583466
-1.2103858
-1.1186732
-1.1950005
-1.2188574
-1.3352551
-1.4833547
-1.4031001
-1.5055112
-0.95205146
-0.644442
-1.2714285
-1.7084389
-1.9298744
-1.7613268
-1.4913577
-1.6635619
-1.6309954
-1.5864452
-1.5485306
-1.5418233
-1.5455642
-1.3724638
-1.4273783
-1.6062012
-1.7553054
-1.9623135
-1.7917317
-1.3476485
-1.2032793
-1.2260841
-1.1008395
-1.3798933
-1.5977254
-1.7060128
-1.7011775
-1.6681002
-1.9265189
-1.900343
-1.793355
-1.7449974
-1.6893104
-1.805385
-1.8263437
-1.7601455
-2.0730436
-2.0126457
-1.7686853
-1.6855835
-1.7149444
-1.7983028
-1.7844738
-1.7107686
-1.6889969
-1.7488455
-1.6965141
-1.6627178
-1.8472738
-2.0095005
-2.0909545
-2.050492
-1.7951154
-1.4870356
-1.3131119
-1.3243309
-1.5301685
-1.7958894
-1.7907734
-1.7343664
-1.6969703
-1.74707
-1.8064636
-1.6516098
-1.4156375
-1.585802
-1.809187
-1.8193125
-1.7835788
-1.843821
-1.7396318
-1.4534589
-1.2482264
-1.3023106
-1.5076758
-1.7457066
-1.9039602
-2.0190127
-2.0110912
-1.8218727
-1.7805239
-1.887062
-2.04931
-2.0437522
-1.6225868
-1.3194278
-1.2104411
-1.2510651
-1.312687
-1.492332
-1.6388417
-1.5735846
-1.5284253
-1.6916689
-1.6695219
-1.4533871
-1.270708
-1.2630908
-1.4019886
-1.5108136
-1.6406426
-1.6846336
-1.6349239
-1.5376803
-1.4992815
-1.5355558
-1.4089137
-1.2957861
-1.3856572
-1.4160217
-1.3984445
-1.277436
-1.0210276
-0.7712081
-0.65252644
-0.5727574
-0.54836816
-0.5774672
-0.73283905
-1.0013268
-1.2353034
-1.2536285
-1.1724384
-1.2124249
-1.325534
-1.4256244
-1.4878286
-1.47127
-1.4576994
-1.4294486
-1.3760543
-1.3204336
-1.233315
-1.1278437
-1.0806788
-1.0422643
-1.0173455
-1.015439
-1.0026969
-0.9305382
-0.8805061
-0.8340116
-0.8140368
-0.8032496
-0.822192
-0.90484166
-0.9228789
-0.9240964
-0.94145745
-1.0226265
-1.1597817
-1.2537636
-1.3613997
-1.4609264
-1.4958543
-1.5080534
-1.5075169
-1.5035872
-1.480498
-1.4428148
-1.4113184
-1.4555769
-1.4262171
-1.4090532
-1.3898848
-1.4184299
-1.433025
-1.2818347
-0.9242293
-0.6525951
-0.59690934
-1.042967
-1.4063007
-1.5176274
-1.567244
-1.5587379
-1.5535747
-1.5581707
-1.5493345
-1.4962426
-1.4285065
-1.3735005
-1.3455216
-1.3757424
-1.4952799
-1.5000272
-1.4475573
-1.4513297
-1.4731833
-1.5067368
-1.4755564
-1.3039713
-1.1251318
-1.0708066
-1.0852481
-1.1851277
-1.3103708
-1.4495479
-1.5340619
-1.5633391
-1.5627929
-1.5450679
-1.4827112
-1.3642038
-1.1698265
-1.0201156
-0.9298535
-0.9110276
-1.0152978
-1.0296093
-1.0809757
-1.1997253
-1.1167935
-1.0385089
-1.0000141
-0.9498346
-0.9724479
-1.0787091
-1.0155467
-0.8106122
-0.69582176
-0.6891939
-0.6125636
-0.5800404
-0.56735915
-0.569604
-0.59249806
-0.61092776
-0.61101276
-0.612454
-0.61235416
-0.57331663
-0.56747204
-0.5689561
-0.59738845
-0.6218815
-0.60336745
-0.58367234
-0.5848728
-0.6524436
-0.6684312
-0.6374957
-0.59775996
-0.58322376
-0.59911853
-0.6736242
-0.78017473
-0.85971516
-0.9303605
-0.9414392
-0.9086265
-0.9040598
-0.9329724
-0.8430868
-0.5542951
-0.41476807
-0.462692
-0.4699932
-0.4827378
-0.5065287
-0.5363181
-0.56066674
-0.56980973
-0.6354982
-0.7041881
-0.8028886
-1.2059741
-0.969672
-0.5410661
-0.43437168
-0.42843267
-0.4354751
-0.44518483
-0.45921576
-0.44420853
-0.4531599
-0.45561004
-0.47169116
-0.5085346
-0.53041434
-0.5726226
-0.611396
-0.6425336
-0.6543129
-0.66388047
-0.66600865
-0.6701239
-0.6541315
-0.6359772
-0.6196163
-0.6194597
-0.5903376
-0.56799924
-0.5794634
-0.58342177
-0.58142275
-0.6003096
-0.5940694
-0.60350806
-0.62648255
-0.62196225
-0.65252084
-0.6741727
-0.6882656
-0.68352294
-0.6479898
-0.6143811
-0.6017979
-0.57955295
-0.5541249
-0.84932184
-1.2497778
-1.2324318
-0.92788166
-0.6809006
-0.6922347
-0.7089775
-0.68003136
-0.54181397
-0.433035
-0.42539945
-0.44887528
-0.45302892
-0.43912473
-0.43002298
-0.43842927
-0.56595683
-0.6016841
-0.45479903
-0.3976293
-0.43138155
-0.44821998
-0.46865913
-0.47293535
-0.49073148
-0.5097809
-0.5234422
-0.51746166
-0.5188076
-0.5197261
-0.53849894
-0.56905764
-0.5874999
-0.5800992
-0.5570827
-0.51579237
-0.5117881
-0.521158
-0.52499473
-0.5542565
-0.5614771
-0.57469827
-0.6127463
-0.65998244
-0.8087106
-1.0159733
-1.0969019
-1.1124367
-0.9999602
-0.80846006
-0.73441905
-0.7149425
-0.71796936
-0.70804137
-0.64057964
-0.6214439
-0.60138535
-0.6176624
-0.65543395
-0.6692211
-0.680177
-0.6932568
-0.7320959
-0.74065036
-0.7701826
-0.8524227
-0.8851678
-0.829349
-0.7537176
-0.69678164
-0.64719844
-0.60255605
-0.59355974
-0.5895569
-0.5625126
-0.55335194
-0.5318833
-0.5145156
-0.48181424
-0.4582273
-0.469561
-0.5030611
-0.5242211
-0.5406875
-0.5557618
-0.59458476
-0.91962194
-1.0954252
-0.77543694
-0.4991763
-0.38980326
-0.36646298
-0.36193052
-0.37100145
-0.38075054
-0.42673376
-0.45761558
-0.48603344
-0.4788836
-0.47293887
-0.47205544
-0.48776838
-0.4981592
-0.48623976
-0.50645703
-0.50523263
-0.49683324
-0.5345182
-0.6291844
-0.82991695
-1.0700665
-1.1599251
-1.116127
-0.9185384
-0.72172976
-0.6621558
-0.65173435
-0.6823351
-0.76149553
-0.77117413
-0.6241545
-0.5298579
-0.5176123
-0.5375628
-0.5827067
-0.56435984
-0.5273115
-0.5030873
-0.47106266
-0.41593587
-0.39883554
-0.32501557
-0.24667425
-0.24901094
-0.24910654
-0.23512954
-0.24148087
-0.28359887
-0.39679345
-0.5740456
-0.6716663
-0.5706746
-0.48538792
-0.54386675
-0.74500376
-0.8619626
-0.905515
-0.8746116
-0.85195667
-0.80184007
-0.669926
-0.5514365
-0.66718364
-0.56618947
-0.31158844
-0.2074219
-0.27087498
-0.3350843
-0.3742442
-0.3981478
-0.3890029
-0.37085453
-0.38111523
-0.383173
-0.75472313
-1.0150219
-0.71131724
-0.47906312
-0.52095175
-0.750993
-0.91734535
-0.96891326
-0.9538134
-0.9353959
-0.76859945
-0.51698464
-0.43700847
-0.4123794
-0.33079338
-0.2629349
-0.23278171
-0.21182336
-0.1833179
-0.16587994
-0.15026645
-0.13719603
-0.09680808
-0.06892347
-0.042387456
-0.017267264
0.011880505
0.03320356
0.011375354
-0.029220266
-0.07410187
-0.117124654
-0.17537405
-0.18975754
-0.16511166
-0.13683094
-0.12807499
-0.108435094
-0.15413927
-0.19182014
-0.1851989
-0.15964304
-0.14089221
-0.14117771
-0.15406956
-0.18500899
-0.16576773
-0.15204924
-0.15796198
-0.13719612
-0.126736
-0.12362953
-0.12691124
-0.1139702
-0.10797114
-0.100645185
-0.092129
-0.10386706
-0.10730464
-0.099205054
-0.08915133
-0.075879216
-0.06692803
-0.065011114
-0.06925391
-0.09697644
-0.124543585
-0.15711468
-0.19769639
-0.27813563
-0.29640496
-0.29096743
-0.3661693
-0.40057883
-0.31647837
-0.2799262
-0.23180683
-0.18469602
-0.16345942
-0.16061299
-0.18210717
-0.17118168
-0.14028676
-0.09774494
-0.055898786
-0.024332905
-0.017029984
0.020766763
0.036816888
0.005029891
-0.016828215
-0.02866512
-0.037819024
-0.047889005
-0.071158916
-0.067318216
-0.08172422
-0.093692265
-0.064919315
-0.023105538
0.019875187
0.032006264
0.029873462
0.014770366
-0.014230718
-0.08931897
-0.60116524
-0.7180082
-0.5855711
-0.43469253
-0.78750134
-0.8394575
-0.5738924
-0.32531738
-0.18034627
-0.16423543
-0.13683158
-0.25165042
-0.2468981
-0.18693723
-0.20542002
-0.26410377
-0.23282027
-0.72509867
-1.1956505
-1.5364319
-1.2724255
-0.78229934
-0.51230955
-0.27381596
-0.17490833
-0.16805427
-0.17290728
-0.16642249
-0.14235389
-0.25665975
-0.47331938
-0.51425475
-0.31490406
-0.1582921
-0.09506169
-0.054110065
-0.11522522
-0.32770547
-0.24356638
-0.1603899
-0.04908892
-0.03951538
-0.065624595
-0.13536075
-0.21888804
-0.24058907
-0.15930581
-0.08559101
-0.054431498
-0.07094494
-0.12381333
-0.051238555
0.0045382143
0.001006742
-0.0044007874
0.0025806406
0.014160641
0.009855059
-0.023893617
-0.16500042
-0.21837975
-0.11442858
-0.03366637
-0.065035574
-0.2586726
-0.6925836
-1.0934929
-1.3940877
-1.454558
-1.2016274
-0.71866655
-0.3661091
-0.16278175
-0.085754365
-0.07676659
-0.0999608
-0.29231426
-0.64217967
-0.51504964
-0.20674574
-0.08410952
-0.03816202
-0.0830931
-0.24243765
-0.37505594
-0.3812363
-0.21126573
-0.0733748
-0.04456349
-0.002361615
-0.0030365947
-0.1620275
-0.46378458
-0.58374685
-0.6346697
-0.6215233
-0.26337072
-0.044069752
-0.0031596012
0.01837981
0.034893736
0.053439233
0.056024075
0.05448839
0.04755069
0.002590106
-0.19565289
-0.34999
-0.38483533
-0.27551448
-0.2414869
-0.22021337
-0.22155182
-0.349228
-0.34677544
-0.25279334
-0.14806701
-0.10534775
-0.12013354
-0.47433236
-0.9336333
-1.306851
-1.3704895
-1.0695989
-0.79090834
-0.85101825
-0.9026788
-0.52605873
-0.1822571
-0.029232278
0.020308718
0.036763504
0.03464095
0.023482999
0.017478144
-0.05772881
-0.16402207
-0.059228033
0.062321544
0.10470283
0.1332287
0.09717063
0.067809254
0.05186063
-0.035607632
-0.15554442
-0.23747158
-0.22716798
-0.24759717
-0.2306658
-0.21963863
-0.19675511
-0.17782758
-0.16104798
-0.06767222
0.049313445
0.106883965
0.1496269
0.17597406
0.19537182
0.11585004
0.13518347
0.029275723
0.029055392
0.055716667
0.09779522
0.13657261
0.14267325
0.11478419
0.121918
0.08643951
0.1135323
0.13291787
0.15803276
0.12680443
