-0.27066332
-0.18182969
-0.15756008
0.18133926
0.18273336
0.18507484
0.25789088
0.24197969
0.16525127
0.21881823
0.18224376
0.1913125
0.18516707
0.18431045
0.24083094
0.19943301
0.17658079
0.17689392
0.21840912
0.048609532
-0.1320996
-0.069935404
0.05414471
0.15945499
0.2611794
0.26222214
0.21785218
0.2193617
0.16748345
0.13437262
0.18154901
0.2364282
0.23954888
0.23234123
0.19515021
0.20571816
0.28313512
0.34456062
0.37982512
0.38645813
0.38743055
0.40142024
0.41227275
0.37411487
0.32349598
0.3134025
0.35209426
0.39838013
0.40986943
0.44312266
0.49123913
0.50581455
0.5129351
0.5172481
0.5113772
0.5110364
0.4958937
0.4738844
0.41321844
0.38728398
0.38552555
0.41115475
0.47030357
0.49217784
0.4603235
0.42907104
0.43000674
0.45451552
0.48943186
0.51518196
0.5248259
0.5146686
0.45199272
0.45762157
0.46307105
0.45387304
0.45076048
0.45956516
0.46627223
0.4756714
0.48506445
0.48829767
0.4564219
0.43004632
0.39520317
0.4074204
0.46029383
0.4988252
0.4981776
0.45726845
0.43640673
0.4743478
0.49912864
0.51931953
0.5222119
0.543048
0.5450508
0.54741937
0.54772204
0.5424988
0.5419992
0.53213197
0.55316246
0.55902517
0.5631698
0.5638233
0.55974174
0.5586373
0.5703606
0.57518065
0.5847144
0.58771527
0.5911034
0.59263444
0.5876443
0.5778289
0.5808136
0.5863277
0.5765786
0.54762393
0.52271783
0.48783553
0.49485207
0.5122811
0.51280385
0.5057288
0.5055965
0.5051372
0.52514654
0.53169066
0.52707624
0.5199566
0.50924104
0.48444515
0.4584856
-0.23915233
-0.21919006
-0.3757122
-0.4166921
-0.43144584
-0.21041664
-0.16956365
-0.12323934
-0.08417003
-0.055638
-0.019125992
-0.012189522
0.23211887
0.4260197
0.41891947
0.40628913
0.3869101
0.3764606
0.37510392
0.4144194
0.45643294
0.36101973
0.3573792
0.35497633
0.35481998
0.3579957
0.35512316
0.35762084
0.3557886
0.38106602
0.358023
0.3414063
0.32565564
0.30099332
0.2871886
0.29876915
0.41270986
0.3987086
0.38345122
0.30086014
0.29979962
0.3830852
0.3780685
0.3782696
0.37565327
0.38585308
0.39105722
0.39687145
0.4002999
0.38955685
0.6925596
0.6969934
0.6577052
0.63344467
0.61798793
0.4747598
0.47983196
0.48648474
0.47959885
0.7305069
0.64559585
0.56857467
0.18773064
0.23651853
0.23243994
0.24007663
