0.1530665
-0.3300138
-0.30875903
-0.2555629
-0.24513087
-0.23605856
-0.2326543
-0.2300799
-0.23150714
-0.23072793
-0.2291409
-0.2684009
-0.2814013
-0.26936495
-0.24710013
-0.20746945
-0.13878323
-0.079949565
-0.06771507
-0.06562266
-0.06228266
-0.060486212
-0.060138352
-0.059530172
-0.05913855
-0.05862297
-0.057787985
-0.057682898
-0.057564232
-0.056944285
-0.055986986
-0.05439958
-0.052630745
-0.05150146
-0.050708152
-0.050386455
-0.050960343
-0.05162341
-0.050629325
-0.049559426
-0.049432505
-0.045880627
-0.042491697
-0.038881067
-0.03542053
-0.03353163
-0.03127626
-0.031904366
-0.033177115
-0.0327831
-0.03410625
-0.03546956
-0.037256524
-0.03912515
-0.038691137
-0.040147584
-0.041282263
-0.04324592
-0.042304717
-0.042923182
-0.04353371
-0.044853978
-0.042953193
-0.043822646
-0.044463947
-0.045167975
-0.046143584
-0.047689475
-0.049032412
-0.04905339
-0.050263137
-0.050635953
-0.053887058
-0.057849944
-0.060530983
-0.06034598
-0.06083863
-0.060777023
-0.061333172
-0.062163934
-0.063349165
-0.06250455
-0.06198839
-0.06213757
-0.060768113
-0.059258554
-0.05916232
-0.058109075
-0.05846151
-0.05756873
-0.056272183
-0.0517024
-0.05614458
-0.040396344
-0.027643746
0.0024327487
0.029623028
0.021230824
0.0043518445
0.004663403
0.0064482796
0.005286363
-0.010585007
-0.017882794
-0.026817925
-0.035269957
-0.019566298
-0.023678906
-0.035409544
-0.032610152
-0.034022093
-0.012698423
0.006543797
0.0077789677
0.008039639
0.008337023
0.008642096
0.008878136
0.00917538
0.009347506
0.009552007
0.010106088
0.009610466
0.009556749
0.009550572
0.009687266
0.009756192
0.009824281
0.009898153
0.009898153
0.009898153
0.009816513
0.0098066125
0.009748475
0.009679277
0.009535443
0.0094710095
0.009387202
0.009387202
0.0094710095
0.009621825
0.009612576
0.009599359
0.009602633
0.009767157
0.009767157
0.009767157
0.009621825
0.009469866
0.006825202
0.0066974317
0.006564397
0.0065046553
0.006526312
0.006469206
0.006311374
0.0062510343
0.0061714198
0.0061766575
0.0061766575
0.0061766575
0.0061766575
0.0061714198
0.0062510343
0.0063539343
0.0062873713
0.006368042
0.0063539343
0.0063539343
0.006368042
0.006293667
0.006326977
0.006187995
0.00611494
0.0059672263
0.0058835074
0.00575857
0.0055681015
0.005529867
0.005745313
0.00574525
0.0061159325
0.0060938266
0.0062883566
0.0067604203
0.0076594944
0.00804978
0.011077239
0.018490078
0.10517528
0.16210188
0.16174015
0.1643609
0.16538002
0.17635338
0.17658761
0.17680168
0.17685565
0.17680329
0.17687424
0.17696074
0.17680068
0.17662542
0.17676805
0.17688724
0.17710595
0.17726679
0.1773982
0.1775421
0.17758904
0.1776387
0.17767417
0.17764436
0.17760922
0.17773494
0.17782176
0.17787355
0.17794454
0.17798151
0.17803079
0.1780589
0.17809069
0.1781307
0.178183
0.17818898
0.17821945
0.17824621
0.17825666
0.17827967
0.17828877
0.17829415
0.17831567
0.1783245
0.17834887
0.17842047
0.17848018
0.17853363
0.1785641
0.17861703
0.17864808
0.17867188
0.1786971
0.17870352
0.17872186
0.17872739
0.17874628
0.17874627
0.1787492
0.17874998
0.17876853
0.17877007
0.17876995
0.17876995
0.17877305
0.17877305
0.17877449
0.17877449
0.17877561
0.17877561
0.17877561
0.17877693
0.17877693
0.17877693
0.17877693
0.17877693
0.17877693
0.17877816
0.17877816
0.17877816
0.17877816
0.17877816
0.17877926
0.17877926
0.17877926
0.17877926
0.17877926
0.17878023
0.17878023
0.17878023
0.17878023
0.17878023
0.17879681
0.17879681
0.17879681
0.17879681
0.17879681
0.17879681
0.17879681
0.17879681
0.17879681
0.17879681
0.17879681
0.17879681
0.17879681
0.17879681
0.17879681
0.17879541
0.17879589
0.17879634
0.17879635
0.17876892
0.17879656
0.17877147
0.17876783
0.17876817
0.17876613
0.17876656
0.17876656
0.17875268
0.17875154
0.17875151
0.17874964
0.17874841
0.17874882
0.1787491
0.1787479
0.1787479
0.17874837
0.17874861
0.178747
0.17874728
0.17874537
0.1787455
0.1787435
0.17874348
0.17874935
0.1787537
0.17876457
0.1787774
0.17877643
0.1787722
0.17877133
0.17877184
0.17877205
0.17877078
0.17876701
0.17876697
0.17876714
0.17876731
0.1787635
0.17876369
0.17876354
0.17876361
0.17876238
0.17875735
0.17875789
0.17875782
0.17875794
0.17875792
0.17875776
0.1787578
0.1787578
0.1787578
0.1787581
0.17874666
0.17874654
0.17874654
0.1787466
0.1787466
0.1787466
0.1787464
0.1787464
0.17874634
0.17874634
0.17874634
0.17874634
0.17874634
0.17874655
0.17874649
0.17874649
0.17874649
0.17874649
0.17874649
0.17874649
0.17874649
0.17874649
0.17874649
0.17874649
0.17874649
0.17874634
0.17874634
0.1787466
0.1787466
0.17874672
0.17874666
0.17874666
0.1787581
0.1787581
0.1787578
0.1787578
0.1787578
0.1787578
0.1787578
0.17875776
0.17875776
0.17875776
0.17874327
0.17874344
0.17874344
0.17875792
0.17875792
0.17875792
0.17875792
0.17875792
0.17875792
0.17875792
0.17875776
0.17875776
0.17875776
0.17875776
0.17875776
0.17875776
0.17875776
0.17875776
0.17875776
0.17875776
0.17875776
0.17875776
0.17875776
0.17875776
0.17875776
0.17875776
0.17875776
0.17875776
0.17875776
0.17875776
0.1787578
0.1787578
0.1787578
0.1787578
0.1787578
0.1787578
0.1787581
0.1787581
0.1787581
0.1787581
0.1787581
0.17874666
0.17874666
0.17874666
0.17874666
0.17874666
0.17874666
0.17874666
0.17874666
0.17874666
0.17874654
0.17874654
0.17874654
0.17874654
0.17874654
0.17874654
0.17874654
0.17874654
0.17874654
0.17874654
0.17874654
0.17874654
0.17874654
0.17874654
0.17874654
0.17874654
0.17874672
0.17874672
0.17874672
0.17874672
0.17874672
0.17874672
0.17874672
0.17874672
0.17874672
0.17874672
0.17874672
0.1787466
0.1787466
0.1787466
0.1787466
0.1787466
0.1787466
0.1787466
0.1787466
0.1787466
0.1787466
0.1787466
0.1787466
0.1787466
0.1787466
0.1787466
0.1787466
0.1787464
0.1787464
0.17874654
0.17874654
0.17874634
0.17874634
0.17874634
0.17874634
0.17874634
0.17874634
0.17874634
0.17874634
