-0.15346691
-0.17374028
-0.2465477
-0.2439007
0.28639928
0.49926177
0.52746814
0.57770044
0.5940872
0.58865166
0.5760632
0.569189
0.5659345
0.5490832
0.49906924
0.49741533
0.5260293
0.5402145
0.5186552
0.5079154
0.5019285
0.5165847
0.5113037
0.47438347
0.4578344
0.4233488
0.40366605
0.38440403
0.21811223
0.1352421
0.20574264
0.3985521
0.46792603
0.4934077
0.48871508
0.468797
0.41441622
0.362474
0.24504499
0.1916045
0.16496015
0.16359879
0.15172093
0.20398311
0.17597
0.18008353
0.2750528
0.3002561
0.22230202
0.23208262
0.3394446
0.40975818
0.4696591
0.49419203
0.48948336
0.4792631
0.47246668
0.4714756
0.4460735
0.40262365
0.3740748
0.34850165
0.32064688
0.3612752
0.40888
0.41407707
0.358585
0.28840306
0.20215452
0.15197098
0.1468107
0.1426865
0.14029807
0.11949899
0.11333542
0.16293786
0.22832249
0.3241854
0.34232903
0.34383938
0.3290031
0.33586657
0.34196553
0.3961935
0.4118915
0.41615486
0.41508076
0.4147505
0.40609524
0.3722224
0.32744703
0.32449752
0.32184535
0.3257657
0.34677112
0.3392488
0.32225657
0.29436645
0.31215972
0.32702574
0.29781958
0.28476194
0.30901393
0.32226953
0.31301406
0.27706692
0.23774444
0.14931042
-0.5382021
-0.2906828
0.07648983
0.21411492
0.33731607
0.37377968
0.20800184
0.15138574
0.17290461
0.1713133
0.17502303
0.17163472
0.18445902
0.19769037
-0.29026732
-2.1139958
-2.9577827
-4.1252522
-4.891667
-5.0612903
-5.1201444
-5.522424
-5.3778863
-5.803049
-5.8405566
-5.9986625
-6.1391892
-6.565325
-6.650845
-6.4962273
-6.340464
-6.16572
-5.9102454
-5.721725
-5.6070924
-5.5553665
-5.3917365
-5.901409
-5.6549935
-4.953289
-4.747132
-4.7450466
-5.1164374
-5.365149
-5.640966
-5.8073735
-6.3315578
-6.5061607
-6.665417
-6.47877
-6.43709
-6.8071275
-6.940287
-6.927653
-6.78491
-6.8486457
-6.9615207
-6.906508
-6.777205
-6.8219566
-6.708774
-6.524594
-6.5795217
-6.601803
-6.520912
-6.811174
-6.861346
-6.9073453
-7.0384903
-7.2217846
-7.397385
-7.444012
-7.3010807
-7.271187
-7.3291802
-7.3450046
-7.4331384
-7.5807724
-7.560919
-7.5400634
-7.495012
-7.6508403
-7.6750646
-7.6968994
-7.8957963
-8.053158
-8.149391
-8.112923
-8.03244
-7.940661
-7.7996316
-7.640711
-7.65213
-7.625582
-7.6576805
-7.710421
-7.836216
-7.889357
-7.9212937
-7.909658
-7.7819767
-7.806284
-7.890667
-7.8815193
-7.733274
-7.5401864
-7.4775696
-7.5268693
-7.510527
-7.562025
-7.607756
-7.7016835
-7.689635
-7.716779
-7.669127
-7.5837536
-7.6232934
-7.618838
-7.60016
-7.5689855
-7.476549
-7.348858
-7.229883
-7.1176567
-7.088146
-7.1064305
-7.004103
-7.0100474
-7.176994
-7.2989945
-7.468369
-7.601761
-7.692594
-7.8262286
-7.8647633
-7.795157
-7.73188
-7.6496606
-7.619016
-7.4988236
-7.3591104
-7.480784
-7.5798564
-7.551642
-7.485332
-7.422486
-7.322815
-7.340588
-7.4350433
-7.4205728
-7.540985
-7.666103
-7.744185
-7.8023534
-7.837313
-7.9122643
-7.9580255
-7.9726105
-7.992965
-8.0177355
-8.046636
-8.016354
-7.997654
-8.043605
-8.01009
-7.966635
-7.8509693
-7.986225
-7.862427
-7.8577785
-7.978372
-7.957882
-7.948708
-7.909186
-7.947969
-7.9593387
-7.987699
-7.97479
-7.824838
-7.7749615
-7.7356935
-7.6708865
-7.6231575
-7.5437617
-7.236552
-7.162205
-7.118627
-7.156202
-7.188127
-7.275145
-7.3460636
-7.431353
-7.386767
-7.477904
-7.343286
-7.325142
-7.3669305
-7.5434647
-7.405634
-7.563965
-7.585257
-7.5515428
-7.394858
-7.4657416
-7.576647
-7.570372
-7.56257
-7.597975
-7.544803
-7.5443263
-7.5501003
-7.4518905
-7.460968
-7.4684753
-7.482393
-7.5116563
-7.5284324
-7.519184
-7.511919
-7.489626
-7.543075
-7.5851884
-7.720459
-7.772597
-7.509838
-7.404527
-7.3074493
-7.265346
-7.2650743
-7.172138
-7.0037856
-6.973995
-6.9752965
-7.028395
-7.124842
-7.1354337
-6.9116845
-6.861056
-6.779125
-6.853823
-6.892861
-6.8970165
-6.985575
-7.092218
-7.1438985
-7.105819
-6.9167323
-6.744717
-6.544619
-6.435589
-6.351883
-6.3819757
-6.4452844
-6.4499755
-6.392862
-6.4925914
-6.561947
-6.61741
-6.4294696
-6.396029
-6.387734
-6.32622
-6.2926517
-6.2113824
-6.1793275
-6.178198
-6.235227
-6.375793
-6.608225
-6.6352177
-6.651957
-6.7656
-7.0325007
-7.171307
-7.199205
-7.2417912
-7.236876
-7.2014823
-7.1423645
-6.9726243
-6.9433036
-6.6887155
-6.6459045
-6.5884223
-6.474518
-6.450992
-6.412834
-6.398276
-6.4211116
-6.4654346
-6.4661193
-6.4995055
-6.5441093
-6.6383424
-6.7307053
-6.9308915
-7.016563
-7.1007915
-7.1707425
-7.270658
-7.405262
-7.385446
-7.3986797
-7.4616866
-7.4870987
-7.4551663
-7.4018135
-7.303798
-7.156881
-7.1927953
-7.131899
-7.082375
-7.0136337
-6.977939
-7.1815085
-7.290447
-7.2045016
-7.1671996
-7.22319
-7.246432
-7.3204265
-7.1369843
-6.999681
-7.09227
-7.241043
-7.293534
-7.3649487
-7.407
-7.4793224
-7.5253887
-7.6783004
-7.7339587
-7.7553496
-7.6960893
-7.643095
-7.6638007
-7.626885
-7.553291
-7.4407253
-7.330808
-7.137298
-6.9808617
-6.7165084
-6.639231
-6.67885
-6.951445
-7.031573
-7.1268973
-7.254888
-7.3550434
-7.4871655
-7.589348
-7.6259093
-7.6219373
-7.633223
-7.6091
-7.5665894
-7.5766883
-7.5035214
-7.498136
-7.567742
-7.598215
-7.6078033
-7.6359444
-7.6510544
-7.650311
-7.6089454
-7.5562816
-7.5282664
-7.419355
-7.206262
-6.898002
-6.9381905
-6.900617
-6.926506
-6.9055524
-6.893263
-6.7911873
-6.678709
-6.61212
-6.4449773
-6.44606
-6.5118623
-6.5558357
-6.680275
-6.638248
-6.5573883
-6.486628
-6.3526063
-6.3078437
-6.1098304
-6.1708755
-6.1423163
-6.129481
-6.0485973
-6.11811
-6.3082585
-6.549849
-6.717764
-6.916221
-6.9382095
-7.025924
-7.0892906
-7.0095387
-6.9557576
-6.908422
-6.942808
-6.9494414
-6.903909
-6.8936005
-6.959062
-7.050041
-7.22323
-7.2342887
-7.28268
-7.189735
-7.091736
-7.068933
-7.205593
-7.140011
-7.164922
-7.2276053
-7.2658634
-7.2486577
-7.2031918
-7.2096977
-7.318384
-7.340265
-7.2999845
-7.2652717
-7.1779537
-7.214006
-7.207039
-7.363322
-7.3417134
-7.115497
-7.0021324
-7.024773
-6.950233
-7.0109544
-7.058922
-6.9940324
-7.0459633
-7.148227
-7.185103
-7.1581607
-7.136022
-7.3317666
-7.3201737
-7.318153
-7.3369775
-7.3864956
-7.435711
-7.497381
-7.528773
-7.5619626
-7.504152
-7.5082126
-7.528439
-7.4996753
-7.500673
-7.506025
-7.477205
-7.68326
-7.6856956
-7.723934
-7.6779714
-7.6048265
-7.642652
-7.6540318
-7.6972404
-7.7122664
-7.7075863
-7.682316
-7.700413
-7.70204
-7.703438
-7.71694
-7.7436466
-7.77527
-7.784883
-7.769155
-7.7305703
-7.6520114
-7.560965
-7.595885
-7.575643
-7.61352
-7.651234
-7.6577086
-7.70699
-7.8274426
-7.9078827
-7.9246383
-7.8167877
-7.823513
-7.895228
-7.898562
-7.86953
-7.8295016
-7.7906785
-7.7320976
-7.7106724
-7.716911
-7.7839
-7.8243604
-7.779463
-7.776235
-7.720497
-7.7221775
-7.7461452
-7.773073
-7.7823434
-7.797891
-7.800766
-7.817566
-7.803723
-7.964806
-7.899136
-7.855545
-7.8935623
-7.8418603
-7.884032
-7.839292
-7.8261414
-7.756727
-7.7454705
-7.692831
-7.6134257
-7.542261
-7.505262
-7.4714
-7.4429145
-7.4667034
-7.432247
-7.4540076
-7.454472
-7.449234
-7.419513
-7.452551
-7.43045
-7.4533997
-7.4676833
-7.54458
-7.52235
-7.533966
-7.5769534
-7.5923285
-7.6405196
-7.6952624
-7.6051574
-7.6368127
-7.681471
-7.6871953
-7.7012177
-7.6921325
-7.676515
-7.6265273
-7.5632358
-7.485028
-7.4702415
-7.6710725
-7.678039
-7.71217
-7.7363133
-7.7689843
-7.84383
-7.7556
-7.8009114
-7.856724
-7.869476
-7.883986
-7.83687
-7.806071
-7.7932034
-7.801557
-7.7963467
-7.948971
-7.975804
-8.001981
-8.018796
-8.024257
-8.003224
-8.012223
-8.038089
-8.043869
-8.051468
-8.054447
-8.033841
-8.01046
-8.000263
-7.939014
-7.8433595
-7.6184154
-7.3849454
-7.1327553
-6.988692
-7.0559335
-7.1521096
-7.2291703
-7.3934207
-7.476874
-7.5098877
-7.5648503
-7.6193085
-7.7386246
-7.7826576
-7.8591766
-7.871155
-7.9311957
-7.83761
-7.7910714
-7.765089
-7.71398
-7.649076
-7.6207786
-7.640114
-7.675013
-7.660872
-7.6787505
-7.7276893
-7.77863
-7.800548
-7.784041
-7.7628884
-7.8704534
-7.917422
-7.9504623
-7.998703
-7.992724
-7.9030137
-7.8036933
-7.800364
-7.800837
-7.817303
-7.7762985
-7.745546
-7.7086005
-7.6494713
-7.615904
-7.571564
-7.5311036
-7.6192837
-7.6115203
-7.563474
-7.379991
-7.35298
-7.362564
-7.603323
-7.719469
-7.643069
-7.350849
-7.4448686
-7.3115325
-7.299525
-7.375507
-7.554807
-7.58189
-7.6060004
-7.6045413
-7.6083565
-7.602795
-7.5917816
-7.536108
-7.331926
-7.4701743
-7.5351214
-7.221868
-7.4590287
-7.544354
-7.554987
-7.55911
-7.257614
-7.242457
-7.353661
-7.33355
-7.3202434
-7.3236804
-7.3258595
-7.2775536
-7.319008
-7.3192616
-7.3504367
-7.441118
-7.4615436
-7.520376
-7.595485
-7.579496
-7.4692254
-7.7034054
-7.731627
-7.6375775
-7.486243
-7.4304376
-7.4108205
-7.378803
-7.4225807
-7.4664483
-7.459976
-7.429441
-7.4434934
-7.389458
-7.3672748
-7.3802547
-7.383714
-7.36955
-7.408793
-7.3950934
-7.4117527
-7.4438453
-7.461376
-7.435743
-7.39158
-7.3360286
-7.3172708
-7.274179
-7.2286854
-7.200313
-7.183738
-7.156777
-7.137455
-7.0431314
-7.0147614
-6.9210744
-6.9017067
-6.8519874
-6.880712
-6.9165516
-6.9234753
-6.934162
-7.0307755
-7.0435715
-6.984649
-6.8990493
-6.864386
-6.858074
-6.8997097
-6.96493
-7.016214
-7.1629643
-7.157187
-7.139275
-6.882507
-7.1102524
-7.037497
-7.0196147
-7.0150476
-6.979243
-6.9138107
-7.171119
-7.245955
-7.2377243
-7.235842
-7.3416705
-7.3673005
-7.352305
-7.3225694
-7.3034453
-7.3024697
-7.2520375
-7.2460556
-7.2974105
-7.2667375
-7.2045217
-7.203297
-7.2036614
-7.267367
-7.2924347
-7.3319764
-7.3264832
-7.3547616
-7.383681
-7.394507
-7.4388556
-7.5136867
-7.524896
-7.561199
-7.572094
-7.5953603
-7.6105475
-7.6473746
-7.632794
-7.6233163
-7.6263804
-7.610666
-7.5998063
-7.61783
-7.6682167
-7.69179
-7.680286
-7.555151
-7.5207086
-7.5656676
-7.58373
-7.5690007
-7.575784
-7.56988
-7.5811467
-7.509069
-7.5972857
-7.555119
-7.490293
-7.3980765
-7.360719
-7.3468757
-7.364122
-7.379711
-7.250691
-7.100019
-7.1068993
-7.091885
-7.08853
-7.07752
-7.1096954
-7.0887027
-7.0298424
-6.937528
-6.9044423
-6.8899884
-6.875738
-6.906158
-6.887321
-6.8350277
-6.79084
-6.7980313
-6.8231525
-6.849298
-6.955536
-6.9995785
-6.9111266
-6.907004
-6.9205155
-6.958399
-7.021869
-7.018784
-6.9749675
-6.8567834
-6.8951116
-6.744906
-6.706095
-6.7653995
-6.6500344
-6.5383124
-6.552589
-6.5532317
-6.537088
-6.5819454
-6.6059437
-6.5969834
-6.5767303
-6.54908
-6.4965663
-6.488571
-6.380942
-6.3922896
-6.491785
-6.42685
-6.44999
-6.5934944
-6.6287513
-6.6242867
-6.6429133
-6.6586857
-6.658247
-6.6759377
-6.6792207
-6.655445
-6.6288466
-6.5755286
-6.473742
-6.58169
-6.553554
-6.6502995
-6.6391807
-6.658907
-6.651373
-6.647863
-6.6938496
-6.7564273
-6.804779
-6.6632056
-6.832316
-6.889481
-6.663629
-6.616289
-6.6172085
-6.640328
-6.6554203
-6.715037
-6.7142463
-6.7249393
-6.5675697
-6.5867324
-6.623798
-6.7181916
-6.7889504
-6.8199673
-6.8379054
-6.8440385
-6.793209
-6.778952
-6.5028443
-6.5493393
-6.5924325
-6.651546
-6.5409927
-6.5036373
-6.495832
-6.618931
-6.6529794
-6.633226
-6.6107078
-6.5527935
-6.549368
-6.4703135
-6.524376
-6.563227
-6.5608153
-6.6501713
-6.6890464
-6.7045608
-6.6978393
-6.6892757
-6.7807503
-6.792778
-6.8059735
-6.776648
-6.776873
-6.79451
-6.827091
-6.8434005
-6.8499503
-6.82437
-6.7873244
-6.7849374
-6.756994
-6.7342687
-6.6988845
-6.6768174
-6.6727357
-6.726385
-6.7050986
-6.6824245
-6.550968
-6.498424
-6.4733243
-6.497854
-6.5169888
-6.6132827
-6.6439133
-6.7209153
-6.737404
-6.720614
-6.7220464
-6.7282357
-6.8292146
-6.838695
-6.8463707
-6.8615804
-6.9136815
-6.945614
-6.987742
-6.947298
-6.9838014
-7.0098643
-7.0233326
-6.9663053
-6.884035
-6.835424
-6.815389
-6.790558
-6.7843227
-6.724834
-6.719967
-6.645228
-6.6382604
-6.6215215
-6.751963
-6.7436566
-6.7244644
-6.7107606
-6.6969056
-6.6935487
-6.6725593
-6.6480613
-6.632536
-6.6584544
-6.6527653
-6.626426
-6.693645
-6.715139
-6.7597632
-6.7427726
-6.715016
-6.668963
-6.6973586
-6.7194953
-6.75923
-6.766254
-6.779841
-6.8392577
-6.854389
-6.8725257
-6.8845363
-6.9228873
-6.9124475
-6.897247
-6.909628
-6.8051467
-6.847261
-6.9214706
-6.927334
-6.9441185
-7.0241303
-7.163771
-7.194994
-7.220965
-7.2605386
-7.261479
-7.23332
-7.079083
-7.0375614
-6.9912324
-6.990832
-6.966352
-7.036862
-7.0554156
-7.0956893
-7.1350994
-7.1506095
-7.2544465
-7.3952503
-7.439532
-7.4396706
-7.4477935
-7.417275
-7.3621926
-7.308954
-7.28413
-7.2480254
-7.129747
-7.1755347
-7.0187087
-7.0017676
-6.935032
-6.879248
-6.852801
-6.877323
-6.889683
-7.03118
-6.953851
-6.972284
-7.0334873
-7.0924053
-7.076284
-7.0521812
-7.0675697
-7.108971
-7.1578774
-7.3174167
-7.439636
-7.4626546
-7.510719
-7.5836987
-7.678423
-7.6439767
-7.686739
-7.588103
-7.6083965
-7.6564345
-7.6775384
-7.6670165
-7.599797
-7.5072174
-7.569435
-7.5979347
-7.5786343
-7.5821967
-7.566356
-7.525875
-7.4628158
-7.4179707
-7.511107
-7.515345
-7.5594406
-7.5594916
-7.5830994
-7.5606484
-7.6592846
-7.634853
-7.6794953
-7.7942224
-7.8283386
-7.8699703
-7.9528217
-7.97069
-7.9576697
-7.9463058
-7.944674
-7.8958054
-7.8852463
-7.8668666
-7.833051
-7.8186965
-7.720965
-7.644215
-7.546423
-7.4747777
-7.4245505
-7.301889
-7.220061
-7.1108456
-7.035024
-6.957026
-6.9458604
-6.964152
-7.021759
-7.0849204
-7.095384
-7.107512
-7.1316066
-7.1418395
-7.1627183
-7.1928153
-7.2222342
-7.273372
-7.3140445
-7.359094
-7.350137
-7.3963356
-7.464422
-7.4873195
-7.5258393
-7.593231
-7.626782
-7.6203346
-7.6660066
-7.7049255
-7.721723
-7.7129097
-7.7014117
-7.6834946
-7.737354
-7.71429
-7.598383
-7.621345
-7.626989
-7.6135383
-7.5242577
-7.454038
-7.431881
-7.43717
-7.4622836
-7.4468517
-7.4374166
-7.3705935
-7.246664
-7.2704635
-7.3364425
-7.3257575
-7.3383026
-7.3251195
-7.2994857
-7.2903304
-7.258573
-7.1901016
-7.166265
-7.142714
-7.095384
-7.0745797
-7.0997677
-6.966451
-6.9088917
-6.80394
-6.832807
-6.8668575
-6.8874016
-6.802864
-6.8492756
-6.8863997
-6.9454956
-6.9563713
-6.909407
-6.9150887
-6.966614
-6.953215
-6.8669105
-6.808905
-6.770737
-6.8298717
-6.8338675
-6.824201
-6.8753257
-6.9279103
-6.9137425
-6.911382
-6.9772263
-6.982082
-7.073833
-7.0495896
-7.0843453
-7.1448884
-7.1368604
-7.001761
-6.914114
-6.855923
-6.752562
-6.7117352
-6.704036
-6.788006
-6.84313
-6.857443
-6.8872356
-6.8879733
-6.8552947
-6.718256
-6.686975
-6.709768
-6.6919065
-6.6825852
-6.661627
-6.578285
-6.6595955
-6.656389
-6.77746
-6.942948
-6.9711685
-7.002651
-6.894154
-6.999373
-7.0937486
-7.119987
-7.046578
-6.795004
-6.755781
-6.669994
-6.651591
-6.6788864
-6.659937
-6.5936074
-6.4794297
-6.4583664
-6.4506125
-6.5003567
-6.505075
-6.559236
-6.5852103
-6.6490808
-6.682222
-6.7131248
-6.7114253
-6.7149377
-6.7134023
-6.6942353
-6.690332
-6.7388635
-6.728002
-6.665205
-6.5655556
-6.455763
-6.2881393
-6.2321625
-6.429793
-6.4990005
-6.292643
-6.1946273
-6.1599255
-6.1472487
-6.1325946
-6.1448655
-6.110377
-6.1909256
-6.220279
-6.2626557
-6.262287
-6.2581506
-6.2777333
-6.2922883
-6.472809
-6.4768367
-6.4808326
-6.4676704
-6.483546
-6.437514
-6.4079204
-6.3785434
-6.313005
-6.2895226
-6.3808627
-6.266197
-6.2452736
-6.4320693
-6.5134816
-6.5747657
-6.588331
-6.614242
-6.6109643
-6.6182494
-6.630141
-6.6833305
-6.722737
-6.7712727
-6.8715463
-6.9256196
-7.005484
-6.9562507
-6.9225917
-6.7979474
-6.804235
-6.869534
-6.905115
-6.899057
-6.8927364
-6.8822494
-6.919679
-6.91388
-6.9346633
-6.926454
-6.9306107
-6.959084
-6.945967
-6.91299
-6.8966317
-6.8608623
-6.842727
-6.8143096
-6.810633
-6.7762666
-6.749658
-6.73901
-6.61657
-6.578008
-6.574516
-6.5237103
-6.5134125
-6.5302567
-6.6636367
-6.692421
-6.668553
-6.6910095
-6.73231
-6.754703
-6.726505
-6.703939
-6.660107
-6.6897507
-6.7095323
-6.7232633
-6.7514453
-6.847997
-6.7880454
-6.793712
-6.7775555
-6.7620482
-6.7886233
-6.734368
-6.646937
-6.580048
-6.639273
-6.607489
-6.460144
-6.3544583
-6.2449174
-6.088432
-6.1599326
-6.2930923
-6.241398
-6.0683255
-5.9408493
-5.8674436
-5.8676667
-5.8935146
-5.897615
-5.9592133
-6.02949
-6.1750073
-6.275929
-6.350882
-6.3396244
-6.3118844
-6.321837
-6.3458943
-6.3251805
-6.344682
-6.3154426
-6.3269105
-6.3430214
-6.555429
-6.7158933
-6.7886634
-6.7002635
-6.725971
-6.6989055
-6.6908054
-6.689588
-6.7104287
-6.728645
-6.7565975
-6.7788215
-6.781109
-6.80683
-6.778609
-6.7475953
-6.725946
-6.7305903
-6.754261
-6.754049
-6.830995
-6.8290133
-6.7891526
-6.7403007
-6.7865295
-6.7658577
-6.84191
-6.868572
-6.874939
-6.8342977
-6.795393
-6.705473
-6.6732993
-6.6403737
-6.6630864
-6.6951313
-6.725719
-6.7329636
-6.741247
-6.738283
-6.7682757
-6.7924075
-6.7835655
-6.769921
-6.7811832
-6.7204304
-6.717865
-6.7105255
-6.6808476
-6.646827
-6.6615396
-6.6671185
-6.662441
-6.6637645
-6.670076
-6.6657333
-6.631581
-6.4817853
-6.599355
-6.586249
-6.5562477
-6.487547
-6.3576493
-6.315706
-6.268659
-6.2660546
-6.2751403
-6.3362656
-6.37921
-6.408041
-6.4033294
-6.427839
-6.4150214
-6.539261
-6.5731416
-6.724834
-6.8289466
-6.9866233
-7.017611
-6.9006596
-6.8099
-6.8077455
-6.8639417
-6.9004064
-6.8985114
-6.8232956
-6.9223943
-7.0202484
-7.015963
-7.0420036
-6.9619193
-6.988102
-6.993843
-6.983644
-6.8747253
-6.9062724
-6.980554
-6.9674587
-6.951529
-6.918215
-6.8801064
-6.772457
-6.734301
-6.8058434
-6.815436
-6.8968983
