0.35351297
0.34840795
0.38755676
0.36247772
0.2933446
0.32290235
0.35370588
0.37206036
0.32370365
0.38698238
0.36962852
0.37154278
0.33738396
0.34474227
0.37154278
0.31103563
0.32712665
0.33592898
0.35603836
0.3722436
0.32527873
0.32120603
0.37432474
0.35452747
0.34664333
0.35434824
0.37046495
0.35206378
0.3159035
0.3137572
0.3314733
0.35735875
0.3268042
0.36082542
0.29714045
0.32731625
0.2655385
0.3413647
0.36915195
0.3594493
0.31972107
0.36034483
0.372546
0.29496878
0.27650133
0.2782091
0.28086302
0.37062058
0.31038904
0.31306213
0.3187267
0.28239477
0.2944424
0.27554193
0.37043303
0.29180393
0.28929293
0.3386875
0.28285438
0.31526253
0.29948354
0.33505976
0.28838655
0.3124636
0.29271916
0.27063397
0.28207362
0.30550832
0.34121442
0.3441499
0.31902418
0.3470959
0.3460223
0.32952172
0.30429438
0.33783063
