-0.24062322
-0.21555434
-0.1464846
-0.10738668
-0.102656245
-0.113176756
-0.13441455
-0.13803269
-0.14909609
-0.15456466
-0.13837448
-0.12422658
-0.1148772
-0.111362696
-0.11072411
-0.109421365
-0.11161592
-0.11219906
-0.11330682
-0.11400919
-0.11287661
-0.11353287
-0.11464775
-0.115492314
-0.114968166
-0.11526424
-0.11539695
-0.11528332
-0.11525537
-0.11470799
-0.11393902
-0.11367357
-0.11225459
-0.11227914
-0.113167
-0.1130964
-0.1119844
-0.11203449
-0.11177113
-0.1118526
-0.11214952
-0.11189193
-0.111927725
-0.111916386
-0.112141766
-0.11219816
-0.112585366
-0.11235205
-0.110344626
-0.11009678
-0.1103642
-0.11029591
-0.11003891
-0.10935617
-0.109185554
-0.10837968
-0.10831099
-0.1088698
-0.10989442
-0.110416144
-0.11265983
-0.111123644
-0.11011269
-0.107927874
-0.1107699
-0.106795326
-0.11308784
-0.11658949
-0.11987889
-0.12264185
-0.1212298
-0.12216443
-0.121353455
-0.12234296
-0.12247787
-0.12191266
-0.123535484
-0.123218216
-0.12345524
-0.12069017
-0.12017561
-0.12001513
-0.12002088
-0.118262194
-0.11673992
-0.11616671
-0.11469896
-0.11503605
-0.11659998
-0.11756632
-0.1167098
-0.11686772
-0.11611493
-0.1180744
-0.11959433
-0.11846099
-0.11899309
-0.11792278
-0.11802855
-0.117778435
-0.118480735
