0.07616531
0.09190165
0.08446993
0.08382861
0.082920626
0.080371305
0.07830377
0.07789217
0.07983064
0.08529643
0.08959362
0.09277812
0.09991049
0.109664485
0.11859432
0.122248724
0.123033784
0.12230496
0.123033784
0.12155932
0.120614946
0.11434354
0.108217075
0.10257557
0.102053285
0.09986655
0.09973783
0.09337443
0.09783101
0.09862798
0.10665566
0.11440781
0.11946757
0.12854508
0.14010672
0.15035617
0.14955449
0.14849496
0.14882249
0.14892733
0.15326734
0.16668306
0.15665239
0.1551824
0.16542098
0.15695311
0.1626202
0.16028956
0.15817116
0.1558852
0.15188316
