0.23233214
0.23889272
0.23320393
0.23296222
0.23345733
0.24437404
0.24727467
0.23973684
0.23886368
0.23753375
0.23391142
0.22964242
0.22574261
0.22810538
0.2356821
0.23749797
0.24580154
0.25291267
0.25810844
0.26115444
0.2634537
0.26748946
0.2707158
0.27337614
0.27148706
0.27145195
0.27132267
0.2701262
0.26857293
0.2667275
0.26498243
0.2617267
0.2593908
0.25143605
0.24717326
0.24428904
0.23693122
0.2350193
0.22838655
0.22142969
0.2156312
0.21207578
0.21385536
0.21418872
0.2218201
0.22267327
0.21971266
0.21906772
0.21366508
0.21312541
0.20734097
0.21113385
0.21383728
0.2132669
0.21234138
0.2141673
0.20984565
0.2135621
0.21536002
0.21502921
0.21257012
